+13
+18
+11
+15
+10
+14
+6
+2
+21
+5
+12
+18
+2
+17
+14
+14
+10
+7
+6
+8
+9
+11
+8
+10
+14
+12
+19
+13
+1
+4
+2
+11
+18
+8
+15
+18
+16
+2
+12
+15
+1
+15
+26
+9
+9
+3
+3
+14
+14
+14
+17
+14
+11
+18
+8
+12
+12
+17
+9
+11
+6
+3
+18
+19
+11
+15
+18
+17
+13
+13
+16
+10
+7
+15
+6
+19
+17
+18
+12
+6
+1
+13
+7
+7
+3
+16
+15
+10
+7
+7
+13
+14
+5
+18
+15
+11
+5
+18
+15
+14
+10
+16
+4
+11
+13
+24
+8
+4
+11
+15
+3
+30
+9
+10
+6
+3
+14
+8
+1
+5
+11
+10
+16
+6
+16
+1
+21
+19
+18
+18
+15
+15
+8
+2
+5
+18
+16
+6
+18
+5
+16
+8
+6
+3
+6
+5
+1
+12
+14
+10
+12
+12
+8
+4
+11
+6
+2
+8
+16
+16
+3
+2
+4
+18
+7
+16
+17
+13
+2
+3
+10
+17
+3
+43
+19
+12
+1
+4
+8
+18
+10
+1
+12
+9
+16
+9
+23
+15
+11
+14
+2
+14
+1
+19
+23
+8
+16
+8
+11
+16
+18
+25
+20
+11
+48
+21
+50
+8
+24
+26
+19
+25
+1
+12
+6
+14
+19
+19
+11
+9
+2
+9
+20
+4
+14
+3
+2
+2
+3
+19
+11
+14
+12
+16
+17
+15
+6
+6
+2
+15
+6
+20
+16
+7
+1
+9
+12
+11
+6
+2
+12
+20
+1
+1
+10
+5
+17
+7
+1
+10
+12
+12
+5
+3
+18
+11
+2
+18
+18
+10
+5
+17
+14
+6
+14
+7
+9
+20
+14
+9
+13
+18
+12
+11
+9
+19
+18
+16
+2
+7
+2
+15
+18
+13
+9
+10
+6
+8
+14
+15
+3
+2
+1
+16
+19
+12
+6
+16
+19
+4
+13
+15
+7
+16
+4
+18
+20
+8
+19
+7
+11
+19
+15
+15
+25
+9
+17
+12
+10
+5
+11
+16
+4
+1
+29
+2
+28
+15
+20
+20
+20
+3
+20
+5
+14
+6
+1
+15
+30
+28
+20
+12
+17
+28
+22
+43
+42
+27
+4
+49
+19
+9
+37
+17
+15
+24
+19
+6
+6
+26
+4
+13
+8
+14
+1
+10
+10
+9
+18
+7
+18
+18
+11
+12
+9
+11
+19
+24
+30
+76
+14
+16
+9
+6
+11
+18
+16
+11
+21
+6
+5
+7
+20
+22
+4
+49
+50
+60
+200
+34
+3
+16
+18
+10
+9
+6
+18
+9
+13
+7
+11
+17
+13
+4
+9
+19
+5
+17
+3
+4
+19
+10
+1
+4
+9
+7
+12
+1
+1
+1
+4
+2
+7
+4
+12
+7
+9
+13
+19
+14
+18
+10
+11
+15
+9
+1
+17
+17
+15
+4
+10
+5
+17
+124726
